0, 56, 11, 48, 17, 91, 58, 4, 50, 58, 82
56, 0, 71, 39, 19, 26, 2, 25, 6, 80, 3
11, 71, 0, 52, 40, 10, 90, 86, 27, 28, 77
48, 39, 52, 0, 78, 7, 61, 71, 63, 33, 36
17, 19, 40, 78, 0, 38, 93, 51, 3, 74, 11
91, 26, 10, 7, 38, 0, 41, 37, 61, 12, 50
58, 2, 90, 61, 93, 41, 0, 76, 20, 90, 58
4, 25, 86, 71, 51, 37, 76, 0, 65, 81, 65
50, 6, 27, 63, 3, 61, 20, 65, 0, 18, 57
58, 80, 28, 33, 74, 12, 90, 81, 18, 0, 100
82, 3, 77, 36, 11, 50, 58, 65, 57, 100, 0